-3.883317e+01 	 0 
-3.877544e+01 	 0 
-3.871772e+01 	 0 
-3.865999e+01 	 0 
-3.860226e+01 	 0 
-3.854453e+01 	 0 
-3.848681e+01 	 0 
-3.842908e+01 	 0 
-3.837135e+01 	 0 
-3.831363e+01 	 0 
-3.825590e+01 	 0 
-3.819817e+01 	 0 
-3.814044e+01 	 0 
-3.808272e+01 	 0 
-3.802499e+01 	 0 
-3.796726e+01 	 0 
-3.790953e+01 	 0 
-3.785181e+01 	 0 
-3.779408e+01 	 0 
-3.773635e+01 	 0 
-3.767863e+01 	 0 
-3.762090e+01 	 0 
-3.756317e+01 	 0 
-3.750544e+01 	 0 
-3.744772e+01 	 0 
-3.738999e+01 	 0 
-3.733226e+01 	 0 
-3.727453e+01 	 0 
-3.721681e+01 	 0 
-3.715908e+01 	 0 
-3.710135e+01 	 0 
-3.704363e+01 	 0 
-3.698590e+01 	 0 
-3.692817e+01 	 0 
-3.687044e+01 	 0 
-3.681272e+01 	 0 
-3.675499e+01 	 0 
-3.669726e+01 	 0 
-3.663953e+01 	 0 
-3.658181e+01 	 0 
-3.652408e+01 	 0 
-3.646635e+01 	 0 
-3.640863e+01 	 0 
-3.635090e+01 	 0 
-3.629317e+01 	 0 
-3.623544e+01 	 0 
-3.617772e+01 	 0 
-3.611999e+01 	 0 
-3.606226e+01 	 0 
-3.600453e+01 	 0 
-3.594681e+01 	 0 
-3.588908e+01 	 0 
-3.583135e+01 	 0 
-3.577363e+01 	 0 
-3.571590e+01 	 0 
-3.565817e+01 	 0 
-3.560044e+01 	 0 
-3.554272e+01 	 0 
-3.548499e+01 	 0 
-3.542726e+01 	 0 
-3.536953e+01 	 0 
-3.531181e+01 	 0 
-3.525408e+01 	 0 
-3.519635e+01 	 0 
-3.513863e+01 	 0 
-3.508090e+01 	 0 
-3.502317e+01 	 0 
-3.496544e+01 	 0 
-3.490772e+01 	 0 
-3.484999e+01 	 0 
-3.479226e+01 	 0 
-3.473453e+01 	 0 
-3.467681e+01 	 0 
-3.461908e+01 	 0 
-3.456135e+01 	 0 
-3.450363e+01 	 0 
-3.444590e+01 	 0 
-3.438817e+01 	 0 
-3.433044e+01 	 0 
-3.427272e+01 	 0 
-3.421499e+01 	 0 
-3.415726e+01 	 0 
-3.409953e+01 	 0 
-3.404181e+01 	 0 
-3.398408e+01 	 0 
-3.392635e+01 	 0 
-3.386863e+01 	 0 
-3.381090e+01 	 0 
-3.375317e+01 	 0 
-3.369544e+01 	 0 
-3.363772e+01 	 0 
-3.357999e+01 	 0 
-3.352226e+01 	 0 
-3.346453e+01 	 0 
-3.340681e+01 	 0 
-3.334908e+01 	 0 
-3.329135e+01 	 0 
-3.323363e+01 	 0 
-3.317590e+01 	 0 
-3.311817e+01 	 0 
-3.306044e+01 	 0 
-3.300272e+01 	 0 
-3.294499e+01 	 0 
-3.288726e+01 	 0 
-3.282953e+01 	 0 
-3.277181e+01 	 0 
-3.271408e+01 	 0 
-3.265635e+01 	 0 
-3.259863e+01 	 0 
-3.254090e+01 	 0 
-3.248317e+01 	 0 
-3.242544e+01 	 0 
-3.236772e+01 	 0 
-3.230999e+01 	 0 
-3.225226e+01 	 0 
-3.219453e+01 	 0 
-3.213681e+01 	 0 
-3.207908e+01 	 0 
-3.202135e+01 	 0 
-3.196363e+01 	 0 
-3.190590e+01 	 0 
-3.184817e+01 	 0 
-3.179044e+01 	 0 
-3.173272e+01 	 0 
-3.167499e+01 	 0 
-3.161726e+01 	 0 
-3.155953e+01 	 0 
-3.150181e+01 	 0 
-3.144408e+01 	 0 
-3.138635e+01 	 0 
-3.132863e+01 	 0 
-3.127090e+01 	 0 
-3.121317e+01 	 0 
-3.115544e+01 	 0 
-3.109772e+01 	 0 
-3.103999e+01 	 0 
-3.098226e+01 	 0 
-3.092453e+01 	 0 
-3.086681e+01 	 0 
-3.080908e+01 	 0 
-3.075135e+01 	 0 
-3.069363e+01 	 0 
-3.063590e+01 	 0 
-3.057817e+01 	 0 
-3.052044e+01 	 0 
-3.046272e+01 	 0 
-3.040499e+01 	 0 
-3.034726e+01 	 0 
-3.028953e+01 	 0 
-3.023181e+01 	 0 
-3.017408e+01 	 0 
-3.011635e+01 	 0 
-3.005863e+01 	 0 
-3.000090e+01 	 0 
-2.994317e+01 	 0 
-2.988544e+01 	 0 
-2.982772e+01 	 0 
-2.976999e+01 	 0 
-2.971226e+01 	 0 
-2.965453e+01 	 0 
-2.959681e+01 	 0 
-2.953908e+01 	 0 
-2.948135e+01 	 0 
-2.942363e+01 	 0 
-2.936590e+01 	 0 
-2.930817e+01 	 0 
-2.925044e+01 	 0 
-2.919272e+01 	 0 
-2.913499e+01 	 0 
-2.907726e+01 	 0 
-2.901953e+01 	 0 
-2.896181e+01 	 0 
-2.890408e+01 	 0 
-2.884635e+01 	 0 
-2.878863e+01 	 0 
-2.873090e+01 	 0 
-2.867317e+01 	 0 
-2.861544e+01 	 0 
-2.855772e+01 	 0 
-2.849999e+01 	 0 
-2.844226e+01 	 0 
-2.838453e+01 	 0 
-2.832681e+01 	 0 
-2.826908e+01 	 0 
-2.821135e+01 	 0 
-2.815363e+01 	 0 
-2.809590e+01 	 0 
-2.803817e+01 	 0 
-2.798044e+01 	 0 
-2.792272e+01 	 0 
-2.786499e+01 	 0 
-2.780726e+01 	 0 
-2.774953e+01 	 0 
-2.769181e+01 	 0 
-2.763408e+01 	 0 
-2.757635e+01 	 0 
-2.751863e+01 	 0 
-2.746090e+01 	 0 
-2.740317e+01 	 0 
-2.734544e+01 	 0 
-2.728772e+01 	 0 
-2.722999e+01 	 0 
-2.717226e+01 	 0 
-2.711453e+01 	 0 
-2.705681e+01 	 0 
-2.699908e+01 	 0 
-2.694135e+01 	 0 
-2.688363e+01 	 0 
-2.682590e+01 	 0 
-2.676817e+01 	 0 
-2.671044e+01 	 0 
-2.665272e+01 	 0 
-2.659499e+01 	 0 
-2.653726e+01 	 0 
-2.647953e+01 	 0 
-2.642181e+01 	 0 
-2.636408e+01 	 0 
-2.630635e+01 	 0 
-2.624863e+01 	 0 
-2.619090e+01 	 0 
-2.613317e+01 	 0 
-2.607544e+01 	 0 
-2.601772e+01 	 0 
-2.595999e+01 	 0 
-2.590226e+01 	 0 
-2.584453e+01 	 0 
-2.578681e+01 	 0 
-2.572908e+01 	 0 
-2.567135e+01 	 0 
-2.561363e+01 	 0 
-2.555590e+01 	 0 
-2.549817e+01 	 0 
-2.544044e+01 	 0 
-2.538272e+01 	 0 
-2.532499e+01 	 0 
-2.526726e+01 	 0 
-2.520953e+01 	 0 
-2.515181e+01 	 0 
-2.509408e+01 	 0 
-2.503635e+01 	 0 
-2.497863e+01 	 0 
-2.492090e+01 	 0 
-2.486317e+01 	 0 
-2.480544e+01 	 0 
-2.474772e+01 	 0 
-2.468999e+01 	 0 
-2.463226e+01 	 0 
-2.457453e+01 	 0 
-2.451681e+01 	 0 
-2.445908e+01 	 0 
-2.440135e+01 	 0 
-2.434363e+01 	 0 
-2.428590e+01 	 0 
-2.422817e+01 	 0 
-2.417044e+01 	 0 
-2.411272e+01 	 0 
-2.405499e+01 	 0 
-2.399726e+01 	 0 
-2.393953e+01 	 0 
-2.388181e+01 	 0 
-2.382408e+01 	 0 
-2.376635e+01 	 0 
-2.370863e+01 	 0 
-2.365090e+01 	 0 
-2.359317e+01 	 0 
-2.353544e+01 	 0 
-2.347772e+01 	 0 
-2.341999e+01 	 0 
-2.336226e+01 	 0 
-2.330453e+01 	 0 
-2.324681e+01 	 0 
-2.318908e+01 	 0 
-2.313135e+01 	 0 
-2.307363e+01 	 0 
-2.301590e+01 	 0 
-2.295817e+01 	 0 
-2.290044e+01 	 0 
-2.284272e+01 	 0 
-2.278499e+01 	 0 
-2.272726e+01 	 0 
-2.266953e+01 	 0 
-2.261181e+01 	 0 
-2.255408e+01 	 0 
-2.249635e+01 	 0 
-2.243863e+01 	 0 
-2.238090e+01 	 0 
-2.232317e+01 	 0 
-2.226544e+01 	 0 
-2.220772e+01 	 0 
-2.214999e+01 	 0 
-2.209226e+01 	 0 
-2.203453e+01 	 0 
-2.197681e+01 	 0 
-2.191908e+01 	 0 
-2.186135e+01 	 0 
-2.180363e+01 	 0 
-2.174590e+01 	 0 
-2.168817e+01 	 0 
-2.163044e+01 	 0 
-2.157272e+01 	 0 
-2.151499e+01 	 0 
-2.145726e+01 	 0 
-2.139953e+01 	 -1.176691e-03 
-2.134181e+01 	 -1.222677e-03 
-2.128408e+01 	 -1.269977e-03 
-2.122635e+01 	 -1.317034e-03 
-2.116863e+01 	 -1.365450e-03 
-2.111090e+01 	 -1.413540e-03 
-2.105317e+01 	 -1.462849e-03 
-2.099544e+01 	 -1.511835e-03 
-2.093772e+01 	 -1.561867e-03 
-2.087999e+01 	 -1.611590e-03 
-2.082226e+01 	 -1.662151e-03 
-2.076453e+01 	 -1.712431e-03 
-2.070681e+01 	 -1.763298e-03 
-2.064908e+01 	 -1.813928e-03 
-2.059135e+01 	 -1.864849e-03 
-2.053363e+01 	 -1.915595e-03 
-2.047590e+01 	 -1.966285e-03 
-2.041817e+01 	 -2.016878e-03 
-2.036044e+01 	 -2.067018e-03 
-2.030272e+01 	 -2.117154e-03 
-2.024499e+01 	 -2.166385e-03 
-2.018726e+01 	 -2.215722e-03 
-2.012953e+01 	 -2.263639e-03 
-2.007181e+01 	 -2.311789e-03 
-2.001408e+01 	 -2.357942e-03 
-1.995635e+01 	 -2.404469e-03 
-1.989863e+01 	 -2.448355e-03 
-1.984090e+01 	 -2.492767e-03 
-1.978317e+01 	 -2.533824e-03 
-1.972544e+01 	 -2.575570e-03 
-1.966772e+01 	 -2.613359e-03 
-1.960999e+01 	 -2.651631e-03 
-1.955226e+01 	 -2.685674e-03 
-1.949453e+01 	 -2.719554e-03 
-1.943681e+01 	 -2.749118e-03 
-1.937908e+01 	 -2.777780e-03 
-1.932135e+01 	 -2.802040e-03 
-1.926363e+01 	 -2.824571e-03 
-1.920590e+01 	 -2.842600e-03 
-1.914817e+01 	 -2.857977e-03 
-1.909044e+01 	 -2.868739e-03 
-1.903272e+01 	 -2.875824e-03 
-1.897499e+01 	 -2.878157e-03 
-1.891726e+01 	 -2.875686e-03 
-1.885953e+01 	 -2.868281e-03 
-1.880181e+01 	 -2.854842e-03 
-1.874408e+01 	 -2.836233e-03 
-1.868635e+01 	 -2.810260e-03 
-1.862863e+01 	 -2.778798e-03 
-1.857090e+01 	 -2.738539e-03 
-1.851317e+01 	 -2.692371e-03 
-1.845544e+01 	 -3.798754e-03 
-1.839772e+01 	 -3.782279e-03 
-1.833999e+01 	 -3.755221e-03 
-1.828226e+01 	 -3.720758e-03 
-1.822453e+01 	 -3.674087e-03 
-1.816681e+01 	 -3.618951e-03 
-1.810908e+01 	 -3.550039e-03 
-1.805135e+01 	 -3.470815e-03 
-1.799363e+01 	 -3.376582e-03 
-1.793590e+01 	 -3.269642e-03 
-1.787817e+01 	 -3.146391e-03 
-1.782044e+01 	 -3.007874e-03 
-1.776272e+01 	 -2.851427e-03 
-1.770499e+01 	 -2.677000e-03 
-1.764726e+01 	 -2.482623e-03 
-1.758953e+01 	 -2.267426e-03 
-1.753181e+01 	 -2.029751e-03 
-1.747408e+01 	 -1.768322e-03 
-1.741635e+01 	 -1.481258e-03 
-1.735863e+01 	 -1.167460e-03 
-1.730090e+01 	 -8.240896e-04 
-1.724317e+01 	 -4.510238e-04 
-1.718544e+01 	 -4.347425e-05 
-1.712772e+01 	 3.966228e-04 
-1.706999e+01 	 8.773115e-04 
-1.701226e+01 	 1.393178e-03 
-1.695453e+01 	 1.957220e-03 
-1.689681e+01 	 2.558699e-03 
-1.683908e+01 	 3.217746e-03 
-1.678135e+01 	 3.915929e-03 
-1.672363e+01 	 4.683100e-03 
-1.666590e+01 	 5.490679e-03 
-1.660817e+01 	 6.380962e-03 
-1.655044e+01 	 7.315043e-03 
-1.649272e+01 	 8.343009e-03 
-1.643499e+01 	 9.422088e-03 
-1.637726e+01 	 1.060506e-02 
-1.631953e+01 	 1.184949e-02 
-1.626181e+01 	 1.320783e-02 
-1.620408e+01 	 1.464095e-02 
-1.614635e+01 	 1.619765e-02 
-1.608863e+01 	 1.784613e-02 
-1.603090e+01 	 1.962719e-02 
-1.597317e+01 	 2.152153e-02 
-1.591544e+01 	 2.355622e-02 
-1.585772e+01 	 2.573133e-02 
-1.579999e+01 	 2.805261e-02 
-1.574226e+01 	 3.054828e-02 
-1.568453e+01 	 3.319315e-02 
-1.562681e+01 	 3.605469e-02 
-1.556908e+01 	 3.906449e-02 
-1.551135e+01 	 4.001810e-02 
-1.545363e+01 	 4.334589e-02 
-1.539590e+01 	 4.700411e-02 
-1.533817e+01 	 5.079130e-02 
-1.528044e+01 	 5.498685e-02 
-1.522272e+01 	 5.928896e-02 
-1.516499e+01 	 6.409325e-02 
-1.510726e+01 	 6.897046e-02 
-1.504953e+01 	 7.446065e-02 
-1.499181e+01 	 8.001968e-02 
-1.493408e+01 	 8.623260e-02 
-1.487635e+01 	 9.255575e-02 
-1.481863e+01 	 9.955094e-02 
-1.476090e+01 	 1.067114e-01 
-1.470317e+01 	 1.145412e-01 
-1.464544e+01 	 1.225956e-01 
-1.458772e+01 	 1.312856e-01 
-1.452999e+01 	 1.402509e-01 
-1.447226e+01 	 1.497731e-01 
-1.441453e+01 	 1.595863e-01 
-1.435681e+01 	 1.698159e-01 
-1.429908e+01 	 1.802679e-01 
-1.424135e+01 	 1.909203e-01 
-1.418363e+01 	 2.015735e-01 
-1.412590e+01 	 2.121429e-01 
-1.406817e+01 	 2.223047e-01 
-1.401044e+01 	 2.320881e-01 
-1.395272e+01 	 2.409564e-01 
-1.389499e+01 	 2.492450e-01 
-1.383726e+01 	 2.561759e-01 
-1.377953e+01 	 2.624759e-01 
-1.372181e+01 	 2.671285e-01 
-1.366408e+01 	 2.712195e-01 
-1.360635e+01 	 2.735175e-01 
-1.354863e+01 	 2.753812e-01 
-1.349090e+01 	 2.754130e-01 
-1.343317e+01 	 2.750598e-01 
-1.337544e+01 	 2.730983e-01 
-1.331772e+01 	 2.707201e-01 
-1.325999e+01 	 2.669724e-01 
-1.320226e+01 	 2.627998e-01 
-1.314453e+01 	 2.574989e-01 
-1.308681e+01 	 2.517841e-01 
-1.302908e+01 	 2.451828e-01 
-1.297135e+01 	 2.381952e-01 
-1.291363e+01 	 2.305667e-01 
-1.285590e+01 	 2.225947e-01 
-1.279817e+01 	 2.142362e-01 
-1.274044e+01 	 2.055936e-01 
-1.268272e+01 	 1.968341e-01 
-1.262499e+01 	 1.878700e-01 
-1.256726e+01 	 1.767826e-01 
-1.250953e+01 	 1.678019e-01 
-1.245181e+01 	 1.593028e-01 
-1.239408e+01 	 1.508588e-01 
-1.233635e+01 	 1.432251e-01 
-1.227863e+01 	 1.358510e-01 
-1.222090e+01 	 1.296191e-01 
-1.216317e+01 	 1.238997e-01 
-1.210544e+01 	 1.196299e-01 
-1.204772e+01 	 1.161635e-01 
-1.198999e+01 	 1.143150e-01 
-1.193226e+01 	 1.135297e-01 
-1.187453e+01 	 1.144399e-01 
-1.181681e+01 	 1.165646e-01 
-1.175908e+01 	 1.204032e-01 
-1.170135e+01 	 1.255292e-01 
-1.164363e+01 	 1.323398e-01 
-1.158590e+01 	 1.404806e-01 
-1.152817e+01 	 1.502290e-01 
-1.147044e+01 	 1.613225e-01 
-1.141272e+01 	 1.738910e-01 
-1.135499e+01 	 1.877469e-01 
-1.129726e+01 	 2.028748e-01 
-1.123953e+01 	 2.190792e-01 
-1.118181e+01 	 2.362715e-01 
-1.112408e+01 	 2.541174e-01 
-1.106635e+01 	 2.726034e-01 
-1.100863e+01 	 2.911668e-01 
-1.095090e+01 	 3.100121e-01 
-1.089317e+01 	 3.283602e-01 
-1.083544e+01 	 3.466686e-01 
-1.077772e+01 	 3.640238e-01 
-1.071999e+01 	 3.810770e-01 
-1.066226e+01 	 3.968775e-01 
-1.060453e+01 	 4.121651e-01 
-1.054681e+01 	 4.260429e-01 
-1.048908e+01 	 4.391424e-01 
-1.043135e+01 	 4.509528e-01 
-1.037363e+01 	 4.617107e-01 
-1.031590e+01 	 4.712636e-01 
-1.025817e+01 	 4.796559e-01 
-1.020044e+01 	 4.868891e-01 
-1.014272e+01 	 4.929010e-01 
-1.008499e+01 	 4.978109e-01 
-1.002726e+01 	 5.014732e-01 
-9.969535e+00 	 5.041050e-01 
-9.911807e+00 	 5.054905e-01 
-9.854080e+00 	 5.059350e-01 
-9.796353e+00 	 5.051616e-01 
-9.738626e+00 	 5.035602e-01 
-9.680898e+00 	 5.008021e-01 
-9.623171e+00 	 4.950350e-01 
-9.565444e+00 	 4.904498e-01 
-9.507716e+00 	 4.853651e-01 
-9.449989e+00 	 4.794020e-01 
-9.392262e+00 	 4.731896e-01 
-9.334535e+00 	 4.663561e-01 
-9.276807e+00 	 4.596224e-01 
-9.219080e+00 	 4.526128e-01 
-9.161353e+00 	 4.462081e-01 
-9.103626e+00 	 4.399885e-01 
-9.045898e+00 	 4.349266e-01 
-8.988171e+00 	 4.305418e-01 
-8.930444e+00 	 4.280049e-01 
-8.872716e+00 	 4.265115e-01 
-8.814989e+00 	 4.275171e-01 
-8.757262e+00 	 4.298431e-01 
-8.699535e+00 	 4.349862e-01 
-8.641807e+00 	 4.416959e-01 
-8.584080e+00 	 4.512095e-01 
-8.526353e+00 	 4.624545e-01 
-8.468626e+00 	 4.762292e-01 
-8.410898e+00 	 4.917128e-01 
-8.353171e+00 	 5.092373e-01 
-8.295444e+00 	 5.281124e-01 
-8.237716e+00 	 5.483651e-01 
-8.179989e+00 	 5.691845e-01 
-8.122262e+00 	 5.906436e-01 
-8.064535e+00 	 6.116109e-01 
-8.006807e+00 	 6.325715e-01 
-7.949080e+00 	 6.520306e-01 
-7.891353e+00 	 6.710353e-01 
-7.833626e+00 	 6.877852e-01 
-7.775898e+00 	 7.038213e-01 
-7.718171e+00 	 7.171357e-01 
-7.660444e+00 	 7.295977e-01 
-7.602716e+00 	 7.391084e-01 
-7.544989e+00 	 7.475027e-01 
-7.487262e+00 	 7.532517e-01 
-7.429535e+00 	 7.575350e-01 
-7.371807e+00 	 7.594551e-01 
-7.314080e+00 	 7.597603e-01 
-7.256353e+00 	 7.579290e-01 
-7.198626e+00 	 7.544178e-01 
-7.140898e+00 	 7.489977e-01 
-7.083171e+00 	 7.418887e-01 
-7.025444e+00 	 7.331192e-01 
-6.967716e+00 	 7.226924e-01 
-6.909989e+00 	 7.108816e-01 
-6.852262e+00 	 6.974883e-01 
-6.794535e+00 	 6.830235e-01 
-6.736807e+00 	 6.671064e-01 
-6.679080e+00 	 6.481802e-01 
-6.621353e+00 	 6.302130e-01 
-6.563626e+00 	 6.119462e-01 
-6.505898e+00 	 5.927586e-01 
-6.448171e+00 	 5.737581e-01 
-6.390444e+00 	 5.543104e-01 
-6.332716e+00 	 5.356253e-01 
-6.274989e+00 	 5.171186e-01 
-6.217262e+00 	 5.000673e-01 
-6.159535e+00 	 4.839491e-01 
-6.101807e+00 	 4.699591e-01 
-6.044080e+00 	 4.576138e-01 
-5.986353e+00 	 4.481402e-01 
-5.928626e+00 	 4.407737e-01 
-5.870898e+00 	 4.369472e-01 
-5.813171e+00 	 4.355148e-01 
-5.755444e+00 	 4.379454e-01 
-5.697716e+00 	 4.430023e-01 
-5.639989e+00 	 4.519118e-01 
-5.582262e+00 	 4.636067e-01 
-5.524535e+00 	 4.788876e-01 
-5.466807e+00 	 4.969393e-01 
-5.409080e+00 	 5.180998e-01 
-5.351353e+00 	 5.416812e-01 
-5.293626e+00 	 5.677058e-01 
-5.235898e+00 	 5.953517e-01 
-5.178171e+00 	 6.246468e-01 
-5.120444e+00 	 6.544343e-01 
-5.062716e+00 	 6.850657e-01 
-5.004989e+00 	 7.150451e-01 
-4.947262e+00 	 7.451469e-01 
-4.889535e+00 	 7.736725e-01 
-4.831807e+00 	 8.017215e-01 
-4.774080e+00 	 8.275642e-01 
-4.716353e+00 	 8.524446e-01 
-4.658626e+00 	 8.747558e-01 
-4.600898e+00 	 8.955134e-01 
-4.543171e+00 	 9.138903e-01 
-4.485444e+00 	 9.301041e-01 
-4.427716e+00 	 9.440498e-01 
-4.369989e+00 	 9.555616e-01 
-4.312262e+00 	 9.648193e-01 
-4.254535e+00 	 9.714855e-01 
-4.196807e+00 	 9.759185e-01 
-4.139080e+00 	 9.776780e-01 
-4.081353e+00 	 9.772498e-01 
-4.023626e+00 	 9.741219e-01 
-3.965898e+00 	 9.688817e-01 
-3.908171e+00 	 9.609722e-01 
-3.850444e+00 	 9.510624e-01 
-3.792716e+00 	 9.385846e-01 
-3.734989e+00 	 9.219411e-01 
-3.677262e+00 	 9.051632e-01 
-3.619535e+00 	 8.867690e-01 
-3.561807e+00 	 8.663550e-01 
-3.504080e+00 	 8.446540e-01 
-3.446353e+00 	 8.214746e-01 
-3.388626e+00 	 7.975069e-01 
-3.330898e+00 	 7.728104e-01 
-3.273171e+00 	 7.481033e-01 
-3.215444e+00 	 7.236015e-01 
-3.157716e+00 	 7.000997e-01 
-3.099989e+00 	 6.777148e-01 
-3.042262e+00 	 6.576612e-01 
-2.984535e+00 	 6.393538e-01 
-2.926807e+00 	 6.246763e-01 
-2.869080e+00 	 6.121793e-01 
-2.811353e+00 	 6.040141e-01 
-2.753626e+00 	 5.984135e-01 
-2.695898e+00 	 5.972766e-01 
-2.638171e+00 	 5.989957e-01 
-2.580444e+00 	 6.049124e-01 
-2.522716e+00 	 6.137738e-01 
-2.464989e+00 	 6.262901e-01 
-2.407262e+00 	 6.414786e-01 
-2.349535e+00 	 6.595729e-01 
-2.291807e+00 	 6.795978e-01 
-2.234080e+00 	 7.016589e-01 
-2.176353e+00 	 7.245671e-01 
-2.118626e+00 	 7.486490e-01 
-2.060898e+00 	 7.724666e-01 
-2.003171e+00 	 7.966947e-01 
-1.945444e+00 	 8.197526e-01 
-1.887716e+00 	 8.425875e-01 
-1.829989e+00 	 8.636254e-01 
-1.772262e+00 	 8.839235e-01 
-1.714535e+00 	 9.020535e-01 
-1.656807e+00 	 9.188269e-01 
-1.599080e+00 	 9.347055e-01 
-1.541353e+00 	 9.474475e-01 
-1.483626e+00 	 9.582857e-01 
-1.425898e+00 	 9.668504e-01 
-1.368171e+00 	 9.734903e-01 
-1.310444e+00 	 9.777012e-01 
-1.252716e+00 	 9.799650e-01 
-1.194989e+00 	 9.797241e-01 
-1.137262e+00 	 9.775458e-01 
-1.079535e+00 	 9.728400e-01 
-1.021807e+00 	 9.662420e-01 
-9.640801e-01 	 9.571481e-01 
-9.063528e-01 	 9.462483e-01 
-8.486255e-01 	 9.329535e-01 
-7.908983e-01 	 9.156932e-01 
-7.331710e-01 	 8.984398e-01 
-6.754437e-01 	 8.797188e-01 
-6.177165e-01 	 8.591438e-01 
-5.599892e-01 	 8.374079e-01 
-5.022619e-01 	 8.143476e-01 
-4.445346e-01 	 7.906008e-01 
-3.868074e-01 	 7.662570e-01 
-3.290801e-01 	 7.419789e-01 
-2.713528e-01 	 7.180052e-01 
-2.136255e-01 	 6.950842e-01 
-1.558983e-01 	 6.733447e-01 
-9.817100e-02 	 6.539705e-01 
-4.044373e-02 	 6.363828e-01 
1.728355e-02 	 6.224481e-01 
7.501082e-02 	 6.107237e-01 
1.327381e-01 	 6.033518e-01 
1.904654e-01 	 5.985720e-01 
2.481926e-01 	 5.982801e-01 
3.059199e-01 	 6.008733e-01 
3.636472e-01 	 6.076936e-01 
4.213745e-01 	 6.174896e-01 
4.791017e-01 	 6.309728e-01 
5.368290e-01 	 6.471582e-01 
5.945563e-01 	 6.662779e-01 
6.522835e-01 	 6.873495e-01 
7.100108e-01 	 7.104716e-01 
7.677381e-01 	 7.344455e-01 
8.254654e-01 	 7.595824e-01 
8.831926e-01 	 7.844385e-01 
9.409199e-01 	 8.096654e-01 
9.986472e-01 	 8.336867e-01 
1.056374e+00 	 8.574211e-01 
1.114102e+00 	 8.793107e-01 
1.171829e+00 	 9.003798e-01 
1.229556e+00 	 9.192257e-01 
1.287284e+00 	 9.366224e-01 
1.345011e+00 	 9.530825e-01 
1.402738e+00 	 9.662924e-01 
1.460465e+00 	 9.775389e-01 
1.518193e+00 	 9.864139e-01 
1.575920e+00 	 9.932985e-01 
1.633647e+00 	 9.976580e-01 
1.691374e+00 	 1 
1.749102e+00 	 9.997432e-01 
1.806829e+00 	 9.974749e-01 
1.864556e+00 	 9.925857e-01 
1.922284e+00 	 9.857282e-01 
1.980011e+00 	 9.762816e-01 
2.037738e+00 	 9.649524e-01 
2.095465e+00 	 9.511342e-01 
2.153193e+00 	 9.332471e-01 
2.210920e+00 	 9.153020e-01 
2.268647e+00 	 8.958200e-01 
2.326374e+00 	 8.743907e-01 
2.384102e+00 	 8.517405e-01 
2.441829e+00 	 8.276797e-01 
2.499556e+00 	 8.028854e-01 
2.557284e+00 	 7.774252e-01 
2.615011e+00 	 7.520007e-01 
2.672738e+00 	 7.268386e-01 
2.730465e+00 	 7.027160e-01 
2.788193e+00 	 6.797623e-01 
2.845920e+00 	 6.591737e-01 
2.903647e+00 	 6.403777e-01 
2.961374e+00 	 6.252415e-01 
3.019102e+00 	 6.123267e-01 
3.076829e+00 	 6.037703e-01 
3.134556e+00 	 5.978140e-01 
3.192284e+00 	 5.963460e-01 
3.250011e+00 	 5.977641e-01 
3.307738e+00 	 6.034026e-01 
3.365465e+00 	 6.120114e-01 
3.423193e+00 	 6.242961e-01 
3.480920e+00 	 6.392750e-01 
3.538647e+00 	 6.571788e-01 
3.596374e+00 	 6.770319e-01 
3.654102e+00 	 6.989386e-01 
3.711829e+00 	 7.217087e-01 
3.769556e+00 	 7.456677e-01 
3.827284e+00 	 7.693770e-01 
3.885011e+00 	 7.935100e-01 
3.942738e+00 	 8.164857e-01 
4.000465e+00 	 8.392498e-01 
4.058193e+00 	 8.602287e-01 
4.115920e+00 	 8.804771e-01 
4.173647e+00 	 8.985683e-01 
4.231374e+00 	 9.153106e-01 
4.289102e+00 	 9.322991e-01 
4.346829e+00 	 9.449822e-01 
4.404556e+00 	 9.557715e-01 
4.462284e+00 	 9.642923e-01 
4.520011e+00 	 9.708980e-01 
4.577738e+00 	 9.750783e-01 
4.635465e+00 	 9.773205e-01 
4.693193e+00 	 9.770611e-01 
4.750920e+00 	 9.748722e-01 
4.808647e+00 	 9.701584e-01 
4.866374e+00 	 9.635593e-01 
4.924102e+00 	 9.544668e-01 
4.981829e+00 	 9.435741e-01 
5.039556e+00 	 9.302891e-01 
5.097284e+00 	 9.130430e-01 
5.155011e+00 	 8.958063e-01 
5.212738e+00 	 8.771058e-01 
5.270465e+00 	 8.565536e-01 
5.328193e+00 	 8.348435e-01 
5.385920e+00 	 8.118114e-01 
5.443647e+00 	 7.880947e-01 
5.501374e+00 	 7.637837e-01 
5.559102e+00 	 7.395397e-01 
5.616829e+00 	 7.156024e-01 
5.674556e+00 	 6.927186e-01 
5.732284e+00 	 6.710186e-01 
5.790011e+00 	 6.516840e-01 
5.847738e+00 	 6.341386e-01 
5.905465e+00 	 6.202456e-01 
5.963193e+00 	 6.085654e-01 
6.020920e+00 	 6.012369e-01 
6.078647e+00 	 5.965028e-01 
6.136374e+00 	 5.962557e-01 
6.194102e+00 	 5.988957e-01 
6.251829e+00 	 6.057616e-01 
6.309556e+00 	 6.156051e-01 
6.367284e+00 	 6.291348e-01 
6.425011e+00 	 6.453676e-01 
6.482738e+00 	 6.645343e-01 
6.540465e+00 	 6.856534e-01 
6.598193e+00 	 7.088228e-01 
6.655920e+00 	 7.328441e-01 
6.713647e+00 	 7.580280e-01 
6.771374e+00 	 7.829311e-01 
6.829102e+00 	 8.082046e-01 
6.886829e+00 	 8.322724e-01 
6.944556e+00 	 8.560530e-01 
7.002284e+00 	 8.779882e-01 
7.060011e+00 	 8.991027e-01 
7.117738e+00 	 9.179935e-01 
7.175465e+00 	 9.354347e-01 
7.233193e+00 	 9.530825e-01 
7.290920e+00 	 9.662924e-01 
7.348647e+00 	 9.775389e-01 
7.406374e+00 	 9.864139e-01 
7.464102e+00 	 9.932985e-01 
7.521829e+00 	 9.976580e-01 
7.579556e+00 	 1 
7.637284e+00 	 9.997432e-01 
7.695011e+00 	 9.974749e-01 
7.752738e+00 	 9.925857e-01 
7.810465e+00 	 9.857282e-01 
7.868193e+00 	 9.762816e-01 
7.925920e+00 	 9.649524e-01 
7.983647e+00 	 9.511342e-01 
8.041374e+00 	 9.344238e-01 
8.099102e+00 	 9.165247e-01 
8.156829e+00 	 8.970900e-01 
8.214556e+00 	 8.757077e-01 
8.272284e+00 	 8.531058e-01 
8.330011e+00 	 8.290932e-01 
8.387738e+00 	 8.043482e-01 
8.445465e+00 	 7.789370e-01 
8.503193e+00 	 7.535625e-01 
8.560920e+00 	 7.284502e-01 
8.618647e+00 	 7.043783e-01 
8.676374e+00 	 6.814748e-01 
8.734102e+00 	 6.609370e-01 
8.791829e+00 	 6.421917e-01 
8.849556e+00 	 6.271063e-01 
8.907284e+00 	 6.142423e-01 
8.965011e+00 	 6.057366e-01 
9.022738e+00 	 5.998309e-01 
9.080465e+00 	 5.984130e-01 
9.138193e+00 	 5.998812e-01 
9.195920e+00 	 6.055689e-01 
9.253647e+00 	 6.142271e-01 
9.311374e+00 	 6.265598e-01 
9.369102e+00 	 6.415867e-01 
9.426829e+00 	 6.595367e-01 
9.484556e+00 	 6.794364e-01 
9.542284e+00 	 7.013870e-01 
9.600011e+00 	 7.242015e-01 
9.657738e+00 	 7.482015e-01 
9.715465e+00 	 7.719526e-01 
9.773193e+00 	 7.961233e-01 
9.830920e+00 	 8.191374e-01 
9.888647e+00 	 8.419355e-01 
9.946374e+00 	 8.629482e-01 
1.000410e+01 	 8.832263e-01 
1.006183e+01 	 9.013460e-01 
1.011956e+01 	 9.181127e-01 
1.017728e+01 	 9.351237e-01 
1.023501e+01 	 9.478248e-01 
1.029274e+01 	 9.586295e-01 
1.035047e+01 	 9.671610e-01 
1.040819e+01 	 9.737738e-01 
1.046592e+01 	 9.779565e-01 
1.052365e+01 	 9.801962e-01 
1.058137e+01 	 9.799294e-01 
1.063910e+01 	 9.777270e-01 
1.069683e+01 	 9.729947e-01 
1.075456e+01 	 9.663695e-01 
1.081228e+01 	 9.572456e-01 
1.087001e+01 	 9.463126e-01 
1.092774e+01 	 9.329814e-01 
1.098547e+01 	 9.168417e-01 
1.104319e+01 	 8.995886e-01 
1.110092e+01 	 8.808610e-01 
1.115865e+01 	 8.602744e-01 
1.121637e+01 	 8.385176e-01 
1.127410e+01 	 8.154304e-01 
1.133183e+01 	 7.916448e-01 
1.138956e+01 	 7.672545e-01 
1.144728e+01 	 7.429162e-01 
1.150501e+01 	 7.188721e-01 
1.156274e+01 	 6.958649e-01 
1.162047e+01 	 6.740265e-01 
1.167819e+01 	 6.545355e-01 
1.173592e+01 	 6.368156e-01 
1.179365e+01 	 6.227282e-01 
1.185137e+01 	 6.108328e-01 
1.190910e+01 	 6.032666e-01 
1.196683e+01 	 5.982712e-01 
1.202456e+01 	 5.977370e-01 
1.208228e+01 	 6.000631e-01 
1.214001e+01 	 6.065857e-01 
1.219774e+01 	 6.160560e-01 
1.225547e+01 	 6.291783e-01 
1.231319e+01 	 6.449710e-01 
1.237092e+01 	 6.636570e-01 
1.242865e+01 	 6.842603e-01 
1.248637e+01 	 7.068656e-01 
1.254410e+01 	 7.302853e-01 
1.260183e+01 	 7.548103e-01 
1.265956e+01 	 7.790152e-01 
1.271728e+01 	 8.035215e-01 
1.277501e+01 	 8.267817e-01 
1.283274e+01 	 8.496719e-01 
1.289047e+01 	 8.706731e-01 
1.294819e+01 	 8.907597e-01 
1.300592e+01 	 9.085713e-01 
1.306365e+01 	 9.248296e-01 
1.312137e+01 	 9.412330e-01 
1.317910e+01 	 9.530846e-01 
1.323683e+01 	 9.628980e-01 
1.329456e+01 	 9.702162e-01 
1.335228e+01 	 9.754524e-01 
1.341001e+01 	 9.780308e-01 
1.346774e+01 	 9.784785e-01 
1.352547e+01 	 9.761870e-01 
1.358319e+01 	 9.717435e-01 
1.364092e+01 	 9.645331e-01 
1.369865e+01 	 9.551800e-01 
1.375637e+01 	 9.430884e-01 
1.381410e+01 	 9.288978e-01 
1.387183e+01 	 9.120697e-01 
1.392956e+01 	 8.932291e-01 
1.398728e+01 	 8.719560e-01 
1.404501e+01 	 8.488159e-01 
1.410274e+01 	 8.235994e-01 
1.416047e+01 	 7.967536e-01 
1.421819e+01 	 7.683907e-01 
1.427592e+01 	 7.387921e-01 
1.433365e+01 	 7.084547e-01 
1.439137e+01 	 6.775399e-01 
1.444910e+01 	 6.468190e-01 
1.450683e+01 	 6.164834e-01 
1.456456e+01 	 5.872066e-01 
1.462228e+01 	 5.596228e-01 
1.468001e+01 	 5.336664e-01 
1.473774e+01 	 5.107002e-01 
1.479547e+01 	 4.897311e-01 
1.485319e+01 	 4.724847e-01 
1.491092e+01 	 4.575631e-01 
1.496865e+01 	 4.465730e-01 
1.502637e+01 	 4.381778e-01 
1.508410e+01 	 4.335866e-01 
1.514183e+01 	 4.317435e-01 
1.519956e+01 	 4.333758e-01 
1.525728e+01 	 4.377014e-01 
1.531501e+01 	 4.450359e-01 
1.537274e+01 	 4.547273e-01 
1.543047e+01 	 4.668504e-01 
1.548819e+01 	 4.807524e-01 
1.554592e+01 	 4.964227e-01 
1.560365e+01 	 5.132011e-01 
1.566137e+01 	 5.310340e-01 
1.571910e+01 	 5.493573e-01 
1.577683e+01 	 5.680302e-01 
1.583456e+01 	 5.867112e-01 
1.589228e+01 	 6.050960e-01 
1.595001e+01 	 6.231553e-01 
1.600774e+01 	 6.402508e-01 
1.606547e+01 	 6.592010e-01 
1.612319e+01 	 6.742621e-01 
1.618092e+01 	 6.887991e-01 
1.623865e+01 	 7.014925e-01 
1.629637e+01 	 7.133991e-01 
1.635410e+01 	 7.232942e-01 
1.641183e+01 	 7.321378e-01 
1.646956e+01 	 7.388658e-01 
1.652728e+01 	 7.443055e-01 
1.658501e+01 	 7.475637e-01 
1.664274e+01 	 7.493230e-01 
1.670047e+01 	 7.488733e-01 
1.675819e+01 	 7.467401e-01 
1.681592e+01 	 7.424191e-01 
1.687365e+01 	 7.362603e-01 
1.693137e+01 	 7.280045e-01 
1.698910e+01 	 7.178030e-01 
1.704683e+01 	 7.056949e-01 
1.710456e+01 	 6.916184e-01 
1.716228e+01 	 6.759604e-01 
1.722001e+01 	 6.584757e-01 
1.727774e+01 	 6.398840e-01 
1.733547e+01 	 6.199097e-01 
1.739319e+01 	 5.994389e-01 
1.745092e+01 	 5.784034e-01 
1.750865e+01 	 5.574889e-01 
1.756637e+01 	 5.372441e-01 
1.762410e+01 	 5.175740e-01 
1.768183e+01 	 4.998424e-01 
1.773956e+01 	 4.830363e-01 
1.779728e+01 	 4.688971e-01 
1.785501e+01 	 4.560223e-01 
1.791274e+01 	 4.460267e-01 
1.797047e+01 	 4.375731e-01 
1.802819e+01 	 4.318706e-01 
1.808592e+01 	 4.278581e-01 
1.814365e+01 	 4.262600e-01 
1.820137e+01 	 4.262885e-01 
1.825910e+01 	 4.282628e-01 
1.831683e+01 	 4.315361e-01 
1.837456e+01 	 4.362194e-01 
1.843228e+01 	 4.416772e-01 
1.849001e+01 	 4.480159e-01 
1.854774e+01 	 4.545709e-01 
1.860547e+01 	 4.615359e-01 
1.866319e+01 	 4.682486e-01 
1.872092e+01 	 4.749759e-01 
1.877865e+01 	 4.811107e-01 
1.883637e+01 	 4.869376e-01 
1.889410e+01 	 4.919506e-01 
1.895183e+01 	 4.962923e-01 
1.900956e+01 	 5.021297e-01 
1.906728e+01 	 5.045816e-01 
1.912501e+01 	 5.062754e-01 
1.918274e+01 	 5.067578e-01 
1.924047e+01 	 5.064094e-01 
1.929819e+01 	 5.047570e-01 
1.935592e+01 	 5.021891e-01 
1.941365e+01 	 4.982699e-01 
1.947137e+01 	 4.933699e-01 
1.952910e+01 	 4.870952e-01 
1.958683e+01 	 4.797932e-01 
1.964456e+01 	 4.711200e-01 
1.970228e+01 	 4.613922e-01 
1.976001e+01 	 4.503321e-01 
1.981774e+01 	 4.382122e-01 
1.987547e+01 	 4.248521e-01 
1.993319e+01 	 4.104549e-01 
1.999092e+01 	 3.949887e-01 
2.004865e+01 	 3.785508e-01 
2.010637e+01 	 3.613236e-01 
2.016410e+01 	 3.432631e-01 
2.022183e+01 	 3.248124e-01 
2.027956e+01 	 3.057926e-01 
2.033728e+01 	 2.868500e-01 
2.039501e+01 	 2.677895e-01 
2.045274e+01 	 2.492205e-01 
2.051047e+01 	 2.311688e-01 
2.056819e+01 	 2.138662e-01 
2.062592e+01 	 1.977243e-01 
2.068365e+01 	 1.824835e-01 
2.074137e+01 	 1.687841e-01 
2.079910e+01 	 1.561183e-01 
2.085683e+01 	 1.451366e-01 
2.091456e+01 	 1.353096e-01 
2.097228e+01 	 1.271734e-01 
2.103001e+01 	 1.202986e-01 
2.108774e+01 	 1.150589e-01 
2.114547e+01 	 1.111626e-01 
2.120319e+01 	 1.088137e-01 
2.126092e+01 	 1.078474e-01 
2.131865e+01 	 1.082950e-01 
2.137637e+01 	 1.100979e-01 
2.143410e+01 	 1.130962e-01 
2.149183e+01 	 1.173465e-01 
2.154956e+01 	 1.224747e-01 
2.160728e+01 	 1.287005e-01 
2.166501e+01 	 1.354285e-01 
2.172274e+01 	 1.430930e-01 
2.178047e+01 	 1.508794e-01 
2.183819e+01 	 1.594599e-01 
2.189592e+01 	 1.678080e-01 
2.195365e+01 	 1.790474e-01 
2.201137e+01 	 1.874471e-01 
2.206910e+01 	 1.963163e-01 
2.212683e+01 	 2.045320e-01 
2.218456e+01 	 2.129691e-01 
2.224228e+01 	 2.206605e-01 
2.230001e+01 	 2.283228e-01 
2.235774e+01 	 2.351724e-01 
2.241547e+01 	 2.417530e-01 
2.247319e+01 	 2.474660e-01 
2.253092e+01 	 2.526777e-01 
2.258865e+01 	 2.569786e-01 
2.264637e+01 	 2.605506e-01 
2.270410e+01 	 2.631827e-01 
2.276183e+01 	 2.648627e-01 
2.281956e+01 	 2.655934e-01 
2.287728e+01 	 2.651597e-01 
2.293501e+01 	 2.637950e-01 
2.299274e+01 	 2.610855e-01 
2.305047e+01 	 2.575010e-01 
2.310819e+01 	 2.524696e-01 
2.316592e+01 	 2.466652e-01 
2.322365e+01 	 2.394722e-01 
2.328137e+01 	 2.316532e-01 
2.333910e+01 	 2.227594e-01 
2.339683e+01 	 2.134048e-01 
2.345456e+01 	 2.035438e-01 
2.351228e+01 	 1.933649e-01 
2.357001e+01 	 1.832984e-01 
2.362774e+01 	 1.730506e-01 
2.368547e+01 	 1.632916e-01 
2.374319e+01 	 1.535006e-01 
2.380092e+01 	 1.443439e-01 
2.385865e+01 	 1.352891e-01 
2.391637e+01 	 1.268740e-01 
2.397410e+01 	 1.186657e-01 
2.403183e+01 	 1.110351e-01 
2.408956e+01 	 1.036864e-01 
2.414728e+01 	 9.682841e-02 
2.420501e+01 	 9.030175e-02 
